#soal 1

#a
x<- c(78, 75, 67, 77, 70, 72, 78, 74, 77)
y<- c(100, 95, 70, 90, 90, 90, 89, 90, 100)

#pengecekan data 
dt <- data.frame(x,y)
dt

#Mencari Selisih 
diff <- y-x
diff
